C:\Users\15122\software\Anaconda\Anaconda3\envs\sc1\python.exe D:/program/Python/SC1/torchcraft_pure/env/BaseEnv.py
(256, 256)
(256, 256)
([array([ 1.        ,  0.        ,  0.        ,  0.        ,  0.        ,
        0.        ,  0.        ,  0.        ,  0.        ,  0.        ,
        1.        ,  0.        ,  1.        ,  0.        ,  0.        ,
        0.        ,  0.        ,  0.        ,  1.        ,  0.        ,
        0.        ,  1.        ,  0.        ,  0.        ,  0.        ,
        0.        ,  0.        ,  0.        ,  0.        ,  0.        ,
        1.        ,  0.        ,  1.        ,  0.08838835,  0.06666667,
        0.06666667,  0.        ,  0.        ,  1.        ,  0.        ,
        0.        ,  0.        ,  1.        ,  0.        ,  0.        ,
        0.        ,  0.        ,  0.        ,  0.        ,  0.        ,
        1.        ,  0.        ,  1.        ,  0.0625    ,  0.06666667,
        0.        ,  0.        ,  0.        ,  1.        ,  0.        ,
        0.        ,  0.        ,  0.        ,  1.        ,  0.        ,
        0.        ,  0.        ,  0.        ,  0.        ,  0.        ,
        1.        ,  0.        ,  1.        ,  0.08838835,  0.06666667,
       -0.06666667,  0.        ,  0.        ,  1.        ,  0.        ,
        0.        ,  0.        ,  0.        ,  0.        ,  1.        ,
        0.        ,  0.        ,  0.        ,  0.        ,  0.        ,
        1.        ,  0.        ,  1.        ,  0.0625    ,  0.        ,
        0.06666667,  0.        ,  0.        ,  1.        ,  0.        ,
        0.        ,  0.        ,  0.        ,  0.        ,  0.        ,
        1.        ,  0.        ,  0.        ,  0.        ,  0.        ,
        0.        ,  1.        ,  1.        ,  0.        ,  0.        ,
        0.        ,  0.        ,  0.        ,  0.        ,  0.        ,
        0.        ,  0.        ,  0.        ,  0.        ,  0.        ,
        0.        ,  1.        ,  0.        ,  0.        ,  0.        ,
        0.        ,  1.        ,  1.        ,  0.        ,  0.        ,
        0.        ,  0.        ,  0.        ,  0.        ,  0.        ,
        0.        ,  0.        ,  0.        ,  0.        ,  0.        ,
        0.        ,  0.        ,  1.        ,  0.        ,  0.        ,
        0.        ,  1.        ,  1.        ,  0.        ,  0.        ,
        0.        ,  0.        ,  0.        ,  0.        ,  0.        ,
        0.        ,  0.        ,  0.        ,  0.        ,  0.        ,
        0.        ,  0.        ,  0.        ,  1.        ,  0.        ,
        0.        ,  1.        ,  1.        ,  0.        ,  0.        ,
        0.        ,  0.        ,  0.        ,  0.        ,  0.        ,
        0.        ,  0.        ,  0.        ,  0.        ,  0.        ,
        0.        ,  0.        ,  0.        ,  0.        ,  1.        ,
        0.        ,  1.        ,  1.        ,  0.        ,  0.        ,
        0.        ,  0.        ,  0.        ,  0.        ,  0.        ]), array([ 1.        ,  0.        ,  0.        ,  0.        ,  0.        ,
        0.        ,  0.        ,  0.        ,  0.        ,  0.        ,
        1.        ,  0.        ,  1.        ,  0.08838835, -0.06666667,
       -0.06666667,  0.        ,  0.        ,  1.        ,  0.        ,
        0.        ,  1.        ,  0.        ,  0.        ,  0.        ,
        0.        ,  0.        ,  0.        ,  0.        ,  0.        ,
        1.        ,  0.        ,  1.        ,  0.        ,  0.        ,
        0.        ,  0.        ,  0.        ,  1.        ,  0.        ,
        0.        ,  0.        ,  1.        ,  0.        ,  0.        ,
        0.        ,  0.        ,  0.        ,  0.        ,  0.        ,
        1.        ,  0.        ,  1.        ,  0.0625    ,  0.        ,
       -0.06666667,  0.        ,  0.        ,  1.        ,  0.        ,
        0.        ,  0.        ,  0.        ,  1.        ,  0.        ,
        0.        ,  0.        ,  0.        ,  0.        ,  0.        ,
        1.        ,  0.        ,  1.        ,  0.125     ,  0.        ,
       -0.13333334,  0.        ,  0.        ,  1.        ,  0.        ,
        0.        ,  0.        ,  0.        ,  0.        ,  1.        ,
        0.        ,  0.        ,  0.        ,  0.        ,  0.        ,
        1.        ,  0.        ,  1.        ,  0.0625    , -0.06666667,
        0.        ,  0.        ,  0.        ,  1.        ,  0.        ,
        0.        ,  0.        ,  0.        ,  0.        ,  0.        ,
        1.        ,  0.        ,  0.        ,  0.        ,  0.        ,
        0.        ,  1.        ,  1.        ,  0.        ,  0.        ,
        0.        ,  0.        ,  0.        ,  0.        ,  0.        ,
        0.        ,  0.        ,  0.        ,  0.        ,  0.        ,
        0.        ,  1.        ,  0.        ,  0.        ,  0.        ,
        0.        ,  1.        ,  1.        ,  0.        ,  0.        ,
        0.        ,  0.        ,  0.        ,  0.        ,  0.        ,
        0.        ,  0.        ,  0.        ,  0.        ,  0.        ,
        0.        ,  0.        ,  1.        ,  0.        ,  0.        ,
        0.        ,  1.        ,  1.        ,  0.        ,  0.        ,
        0.        ,  0.        ,  0.        ,  0.        ,  0.        ,
        0.        ,  0.        ,  0.        ,  0.        ,  0.        ,
        0.        ,  0.        ,  0.        ,  1.        ,  0.        ,
        0.        ,  1.        ,  1.        ,  0.        ,  0.        ,
        0.        ,  0.        ,  0.        ,  0.        ,  0.        ,
        0.        ,  0.        ,  0.        ,  0.        ,  0.        ,
        0.        ,  0.        ,  0.        ,  0.        ,  1.        ,
        0.        ,  1.        ,  1.        ,  0.        ,  0.        ,
        0.        ,  0.        ,  0.        ,  0.        ,  0.        ]), array([ 1.        ,  0.        ,  0.        ,  0.        ,  0.        ,
        0.        ,  0.        ,  0.        ,  0.        ,  0.        ,
        1.        ,  0.        ,  1.        ,  0.0625    , -0.06666667,
        0.        ,  0.        ,  0.        ,  1.        ,  0.        ,
        0.        ,  1.        ,  0.        ,  0.        ,  0.        ,
        0.        ,  0.        ,  0.        ,  0.        ,  0.        ,
        1.        ,  0.        ,  1.        ,  0.0625    ,  0.        ,
        0.06666667,  0.        ,  0.        ,  1.        ,  0.        ,
        0.        ,  0.        ,  1.        ,  0.        ,  0.        ,
        0.        ,  0.        ,  0.        ,  0.        ,  0.        ,
        1.        ,  0.        ,  1.        ,  0.        ,  0.        ,
        0.        ,  0.        ,  0.        ,  1.        ,  0.        ,
        0.        ,  0.        ,  0.        ,  1.        ,  0.        ,
        0.        ,  0.        ,  0.        ,  0.        ,  0.        ,
        1.        ,  0.        ,  1.        ,  0.0625    ,  0.        ,
       -0.06666667,  0.        ,  0.        ,  1.        ,  0.        ,
        0.        ,  0.        ,  0.        ,  0.        ,  1.        ,
        0.        ,  0.        ,  0.        ,  0.        ,  0.        ,
        1.        ,  0.        ,  1.        ,  0.08838835, -0.06666667,
        0.06666667,  0.        ,  0.        ,  1.        ,  0.        ,
        0.        ,  0.        ,  0.        ,  0.        ,  0.        ,
        1.        ,  0.        ,  0.        ,  0.        ,  0.        ,
        0.        ,  1.        ,  1.        ,  0.        ,  0.        ,
        0.        ,  0.        ,  0.        ,  0.        ,  0.        ,
        0.        ,  0.        ,  0.        ,  0.        ,  0.        ,
        0.        ,  1.        ,  0.        ,  0.        ,  0.        ,
        0.        ,  1.        ,  1.        ,  0.        ,  0.        ,
        0.        ,  0.        ,  0.        ,  0.        ,  0.        ,
        0.        ,  0.        ,  0.        ,  0.        ,  0.        ,
        0.        ,  0.        ,  1.        ,  0.        ,  0.        ,
        0.        ,  1.        ,  1.        ,  0.        ,  0.        ,
        0.        ,  0.        ,  0.        ,  0.        ,  0.        ,
        0.        ,  0.        ,  0.        ,  0.        ,  0.        ,
        0.        ,  0.        ,  0.        ,  1.        ,  0.        ,
        0.        ,  1.        ,  1.        ,  0.        ,  0.        ,
        0.        ,  0.        ,  0.        ,  0.        ,  0.        ,
        0.        ,  0.        ,  0.        ,  0.        ,  0.        ,
        0.        ,  0.        ,  0.        ,  0.        ,  1.        ,
        0.        ,  1.        ,  1.        ,  0.        ,  0.        ,
        0.        ,  0.        ,  0.        ,  0.        ,  0.        ]), array([ 1.        ,  0.        ,  0.        ,  0.        ,  0.        ,
        0.        ,  0.        ,  0.        ,  0.        ,  0.        ,
        1.        ,  0.        ,  1.        ,  0.08838835, -0.06666667,
        0.06666667,  0.        ,  0.        ,  1.        ,  0.        ,
        0.        ,  1.        ,  0.        ,  0.        ,  0.        ,
        0.        ,  0.        ,  0.        ,  0.        ,  0.        ,
        1.        ,  0.        ,  1.        ,  0.125     ,  0.        ,
        0.13333334,  0.        ,  0.        ,  1.        ,  0.        ,
        0.        ,  0.        ,  1.        ,  0.        ,  0.        ,
        0.        ,  0.        ,  0.        ,  0.        ,  0.        ,
        1.        ,  0.        ,  1.        ,  0.0625    ,  0.        ,
        0.06666667,  0.        ,  0.        ,  1.        ,  0.        ,
        0.        ,  0.        ,  0.        ,  1.        ,  0.        ,
        0.        ,  0.        ,  0.        ,  0.        ,  0.        ,
        1.        ,  0.        ,  1.        ,  0.        ,  0.        ,
        0.        ,  0.        ,  0.        ,  1.        ,  0.        ,
        0.        ,  0.        ,  0.        ,  0.        ,  1.        ,
        0.        ,  0.        ,  0.        ,  0.        ,  0.        ,
        1.        ,  0.        ,  1.        ,  0.13975425, -0.06666667,
        0.13333334,  0.        ,  0.        ,  1.        ,  0.        ,
        0.        ,  0.        ,  0.        ,  0.        ,  0.        ,
        1.        ,  0.        ,  0.        ,  0.        ,  0.        ,
        0.        ,  1.        ,  1.        ,  0.        ,  0.        ,
        0.        ,  0.        ,  0.        ,  0.        ,  0.        ,
        0.        ,  0.        ,  0.        ,  0.        ,  0.        ,
        0.        ,  1.        ,  0.        ,  0.        ,  0.        ,
        0.        ,  1.        ,  1.        ,  0.        ,  0.        ,
        0.        ,  0.        ,  0.        ,  0.        ,  0.        ,
        0.        ,  0.        ,  0.        ,  0.        ,  0.        ,
        0.        ,  0.        ,  1.        ,  0.        ,  0.        ,
        0.        ,  1.        ,  1.        ,  0.        ,  0.        ,
        0.        ,  0.        ,  0.        ,  0.        ,  0.        ,
        0.        ,  0.        ,  0.        ,  0.        ,  0.        ,
        0.        ,  0.        ,  0.        ,  1.        ,  0.        ,
        0.        ,  1.        ,  1.        ,  0.        ,  0.        ,
        0.        ,  0.        ,  0.        ,  0.        ,  0.        ,
        0.        ,  0.        ,  0.        ,  0.        ,  0.        ,
        0.        ,  0.        ,  0.        ,  0.        ,  1.        ,
        0.        ,  1.        ,  1.        ,  0.        ,  0.        ,
        0.        ,  0.        ,  0.        ,  0.        ,  0.        ]), array([ 1.        ,  0.        ,  0.        ,  0.        ,  0.        ,
        0.        ,  0.        ,  0.        ,  0.        ,  0.        ,
        1.        ,  0.        ,  1.        ,  0.0625    ,  0.        ,
       -0.06666667,  0.        ,  0.        ,  1.        ,  0.        ,
        0.        ,  1.        ,  0.        ,  0.        ,  0.        ,
        0.        ,  0.        ,  0.        ,  0.        ,  0.        ,
        1.        ,  0.        ,  1.        ,  0.0625    ,  0.06666667,
        0.        ,  0.        ,  0.        ,  1.        ,  0.        ,
        0.        ,  0.        ,  1.        ,  0.        ,  0.        ,
        0.        ,  0.        ,  0.        ,  0.        ,  0.        ,
        1.        ,  0.        ,  1.        ,  0.08838835,  0.06666667,
       -0.06666667,  0.        ,  0.        ,  1.        ,  0.        ,
        0.        ,  0.        ,  0.        ,  1.        ,  0.        ,
        0.        ,  0.        ,  0.        ,  0.        ,  0.        ,
        1.        ,  0.        ,  1.        ,  0.13975425,  0.06666667,
       -0.13333334,  0.        ,  0.        ,  1.        ,  0.        ,
        0.        ,  0.        ,  0.        ,  0.        ,  1.        ,
        0.        ,  0.        ,  0.        ,  0.        ,  0.        ,
        1.        ,  0.        ,  1.        ,  0.        ,  0.        ,
        0.        ,  0.        ,  0.        ,  1.        ,  0.        ,
        0.        ,  0.        ,  0.        ,  0.        ,  0.        ,
        1.        ,  0.        ,  0.        ,  0.        ,  0.        ,
        0.        ,  1.        ,  1.        ,  0.        ,  0.        ,
        0.        ,  0.        ,  0.        ,  0.        ,  0.        ,
        0.        ,  0.        ,  0.        ,  0.        ,  0.        ,
        0.        ,  1.        ,  0.        ,  0.        ,  0.        ,
        0.        ,  1.        ,  1.        ,  0.        ,  0.        ,
        0.        ,  0.        ,  0.        ,  0.        ,  0.        ,
        0.        ,  0.        ,  0.        ,  0.        ,  0.        ,
        0.        ,  0.        ,  1.        ,  0.        ,  0.        ,
        0.        ,  1.        ,  1.        ,  0.        ,  0.        ,
        0.        ,  0.        ,  0.        ,  0.        ,  0.        ,
        0.        ,  0.        ,  0.        ,  0.        ,  0.        ,
        0.        ,  0.        ,  0.        ,  1.        ,  0.        ,
        0.        ,  1.        ,  1.        ,  0.        ,  0.        ,
        0.        ,  0.        ,  0.        ,  0.        ,  0.        ,
        0.        ,  0.        ,  0.        ,  0.        ,  0.        ,
        0.        ,  0.        ,  0.        ,  0.        ,  1.        ,
        0.        ,  1.        ,  1.        ,  0.        ,  0.        ,
        0.        ,  0.        ,  0.        ,  0.        ,  0.        ]), array([ 1.        ,  0.        ,  0.        ,  0.        ,  0.        ,
        0.        ,  0.        ,  0.        ,  0.        ,  0.        ,
        1.        ,  0.        ,  1.        ,  0.        ,  0.        ,
        0.        ,  0.        ,  0.        ,  0.        ,  0.        ,
        0.        ,  1.        ,  0.        ,  0.        ,  0.        ,
        0.        ,  0.        ,  0.        ,  0.        ,  0.        ,
        1.        ,  0.        ,  1.        ,  0.        ,  0.        ,
        0.        ,  0.        ,  0.        ,  0.        ,  0.        ,
        0.        ,  0.        ,  1.        ,  0.        ,  0.        ,
        0.        ,  0.        ,  0.        ,  0.        ,  0.        ,
        1.        ,  0.        ,  1.        ,  0.        ,  0.        ,
        0.        ,  0.        ,  0.        ,  0.        ,  0.        ,
        0.        ,  0.        ,  0.        ,  1.        ,  0.        ,
        0.        ,  0.        ,  0.        ,  0.        ,  0.        ,
        1.        ,  0.        ,  1.        ,  0.        ,  0.        ,
        0.        ,  0.        ,  0.        ,  0.        ,  0.        ,
        0.        ,  0.        ,  0.        ,  0.        ,  1.        ,
        0.        ,  0.        ,  0.        ,  0.        ,  0.        ,
        1.        ,  0.        ,  1.        ,  0.        ,  0.        ,
        0.        ,  0.        ,  0.        ,  0.        ,  0.        ,
        0.        ,  0.        ,  0.        ,  0.        ,  0.        ,
        1.        ,  0.        ,  0.        ,  0.        ,  0.        ,
        0.        ,  1.        ,  1.        ,  0.        ,  0.        ,
        0.        ,  0.        ,  0.        ,  1.        ,  0.        ,
        0.        ,  0.        ,  0.        ,  0.        ,  0.        ,
        0.        ,  1.        ,  0.        ,  0.        ,  0.        ,
        0.        ,  1.        ,  1.        ,  0.13176157,  0.04444445,
       -0.13333334, -0.01953125,  0.1953125 ,  1.        ,  0.        ,
        0.        ,  0.        ,  0.        ,  0.        ,  0.        ,
        0.        ,  0.        ,  1.        ,  0.        ,  0.        ,
        0.        ,  1.        ,  1.        ,  0.07511565,  0.04444445,
       -0.06666667, -0.01953125,  0.1953125 ,  1.        ,  0.        ,
        0.        ,  0.        ,  0.        ,  0.        ,  0.        ,
        0.        ,  0.        ,  0.        ,  1.        ,  0.        ,
        0.        ,  1.        ,  1.        ,  0.04166667,  0.04444445,
        0.        , -0.01953125,  0.1953125 ,  1.        ,  0.        ,
        0.        ,  0.        ,  0.        ,  0.        ,  0.        ,
        0.        ,  0.        ,  0.        ,  0.        ,  1.        ,
        0.        ,  1.        ,  1.        ,  0.0625    ,  0.        ,
       -0.06666667, -0.01953125,  0.1953125 ,  1.        ,  0.        ]), array([ 1.        ,  0.        ,  0.        ,  0.        ,  0.        ,
        0.        ,  0.        ,  0.        ,  0.        ,  0.        ,
        1.        ,  0.        ,  1.        ,  0.        ,  0.        ,
        0.        ,  0.        ,  0.        ,  0.        ,  0.        ,
        0.        ,  1.        ,  0.        ,  0.        ,  0.        ,
        0.        ,  0.        ,  0.        ,  0.        ,  0.        ,
        1.        ,  0.        ,  1.        ,  0.        ,  0.        ,
        0.        ,  0.        ,  0.        ,  0.        ,  0.        ,
        0.        ,  0.        ,  1.        ,  0.        ,  0.        ,
        0.        ,  0.        ,  0.        ,  0.        ,  0.        ,
        1.        ,  0.        ,  1.        ,  0.        ,  0.        ,
        0.        ,  0.        ,  0.        ,  0.        ,  0.        ,
        0.        ,  0.        ,  0.        ,  1.        ,  0.        ,
        0.        ,  0.        ,  0.        ,  0.        ,  0.        ,
        1.        ,  0.        ,  1.        ,  0.        ,  0.        ,
        0.        ,  0.        ,  0.        ,  0.        ,  0.        ,
        0.        ,  0.        ,  0.        ,  0.        ,  1.        ,
        0.        ,  0.        ,  0.        ,  0.        ,  0.        ,
        1.        ,  0.        ,  1.        ,  0.        ,  0.        ,
        0.        ,  0.        ,  0.        ,  0.        ,  0.        ,
        0.        ,  0.        ,  0.        ,  0.        ,  0.        ,
        1.        ,  0.        ,  0.        ,  0.        ,  0.        ,
        0.        ,  1.        ,  1.        ,  0.13176157, -0.04444445,
        0.13333334,  0.01953125, -0.1953125 ,  1.        ,  0.        ,
        0.        ,  0.        ,  0.        ,  0.        ,  0.        ,
        0.        ,  1.        ,  0.        ,  0.        ,  0.        ,
        0.        ,  1.        ,  1.        ,  0.        ,  0.        ,
        0.        ,  0.        ,  0.        ,  1.        ,  0.        ,
        0.        ,  0.        ,  0.        ,  0.        ,  0.        ,
        0.        ,  0.        ,  1.        ,  0.        ,  0.        ,
        0.        ,  1.        ,  1.        ,  0.0625    ,  0.        ,
        0.06666667,  0.        ,  0.        ,  1.        ,  0.        ,
        0.        ,  0.        ,  0.        ,  0.        ,  0.        ,
        0.        ,  0.        ,  0.        ,  1.        ,  0.        ,
        0.        ,  1.        ,  1.        ,  0.125     ,  0.        ,
        0.13333334,  0.        ,  0.        ,  1.        ,  0.        ,
        0.        ,  0.        ,  0.        ,  0.        ,  0.        ,
        0.        ,  0.        ,  0.        ,  0.        ,  1.        ,
        0.        ,  1.        ,  1.        ,  0.07511565, -0.04444445,
        0.06666667,  0.        ,  0.        ,  1.        ,  0.        ]), array([ 1.        ,  0.        ,  0.        ,  0.        ,  0.        ,
        0.        ,  0.        ,  0.        ,  0.        ,  0.        ,
        1.        ,  0.        ,  1.        ,  0.        ,  0.        ,
        0.        ,  0.        ,  0.        ,  0.        ,  0.        ,
        0.        ,  1.        ,  0.        ,  0.        ,  0.        ,
        0.        ,  0.        ,  0.        ,  0.        ,  0.        ,
        1.        ,  0.        ,  1.        ,  0.        ,  0.        ,
        0.        ,  0.        ,  0.        ,  0.        ,  0.        ,
        0.        ,  0.        ,  1.        ,  0.        ,  0.        ,
        0.        ,  0.        ,  0.        ,  0.        ,  0.        ,
        1.        ,  0.        ,  1.        ,  0.        ,  0.        ,
        0.        ,  0.        ,  0.        ,  0.        ,  0.        ,
        0.        ,  0.        ,  0.        ,  1.        ,  0.        ,
        0.        ,  0.        ,  0.        ,  0.        ,  0.        ,
        1.        ,  0.        ,  1.        ,  0.        ,  0.        ,
        0.        ,  0.        ,  0.        ,  0.        ,  0.        ,
        0.        ,  0.        ,  0.        ,  0.        ,  1.        ,
        0.        ,  0.        ,  0.        ,  0.        ,  0.        ,
        1.        ,  0.        ,  1.        ,  0.        ,  0.        ,
        0.        ,  0.        ,  0.        ,  0.        ,  0.        ,
        0.        ,  0.        ,  0.        ,  0.        ,  0.        ,
        1.        ,  0.        ,  0.        ,  0.        ,  0.        ,
        0.        ,  1.        ,  1.        ,  0.07511565, -0.04444445,
        0.06666667,  0.01953125, -0.1953125 ,  1.        ,  0.        ,
        0.        ,  0.        ,  0.        ,  0.        ,  0.        ,
        0.        ,  1.        ,  0.        ,  0.        ,  0.        ,
        0.        ,  1.        ,  1.        ,  0.0625    ,  0.        ,
       -0.06666667,  0.        ,  0.        ,  1.        ,  0.        ,
        0.        ,  0.        ,  0.        ,  0.        ,  0.        ,
        0.        ,  0.        ,  1.        ,  0.        ,  0.        ,
        0.        ,  1.        ,  1.        ,  0.        ,  0.        ,
        0.        ,  0.        ,  0.        ,  1.        ,  0.        ,
        0.        ,  0.        ,  0.        ,  0.        ,  0.        ,
        0.        ,  0.        ,  0.        ,  1.        ,  0.        ,
        0.        ,  1.        ,  1.        ,  0.0625    ,  0.        ,
        0.06666667,  0.        ,  0.        ,  1.        ,  0.        ,
        0.        ,  0.        ,  0.        ,  0.        ,  0.        ,
        0.        ,  0.        ,  0.        ,  0.        ,  1.        ,
        0.        ,  1.        ,  1.        ,  0.04166667, -0.04444445,
        0.        ,  0.        ,  0.        ,  1.        ,  0.        ]), array([ 1.        ,  0.        ,  0.        ,  0.        ,  0.        ,
        0.        ,  0.        ,  0.        ,  0.        ,  0.        ,
        1.        ,  0.        ,  1.        ,  0.        ,  0.        ,
        0.        ,  0.        ,  0.        ,  0.        ,  0.        ,
        0.        ,  1.        ,  0.        ,  0.        ,  0.        ,
        0.        ,  0.        ,  0.        ,  0.        ,  0.        ,
        1.        ,  0.        ,  1.        ,  0.        ,  0.        ,
        0.        ,  0.        ,  0.        ,  0.        ,  0.        ,
        0.        ,  0.        ,  1.        ,  0.        ,  0.        ,
        0.        ,  0.        ,  0.        ,  0.        ,  0.        ,
        1.        ,  0.        ,  1.        ,  0.        ,  0.        ,
        0.        ,  0.        ,  0.        ,  0.        ,  0.        ,
        0.        ,  0.        ,  0.        ,  1.        ,  0.        ,
        0.        ,  0.        ,  0.        ,  0.        ,  0.        ,
        1.        ,  0.        ,  1.        ,  0.        ,  0.        ,
        0.        ,  0.        ,  0.        ,  0.        ,  0.        ,
        0.        ,  0.        ,  0.        ,  0.        ,  1.        ,
        0.        ,  0.        ,  0.        ,  0.        ,  0.        ,
        1.        ,  0.        ,  1.        ,  0.        ,  0.        ,
        0.        ,  0.        ,  0.        ,  0.        ,  0.        ,
        0.        ,  0.        ,  0.        ,  0.        ,  0.        ,
        1.        ,  0.        ,  0.        ,  0.        ,  0.        ,
        0.        ,  1.        ,  1.        ,  0.04166667, -0.04444445,
        0.        ,  0.01953125, -0.1953125 ,  1.        ,  0.        ,
        0.        ,  0.        ,  0.        ,  0.        ,  0.        ,
        0.        ,  1.        ,  0.        ,  0.        ,  0.        ,
        0.        ,  1.        ,  1.        ,  0.125     ,  0.        ,
       -0.13333334,  0.        ,  0.        ,  1.        ,  0.        ,
        0.        ,  0.        ,  0.        ,  0.        ,  0.        ,
        0.        ,  0.        ,  1.        ,  0.        ,  0.        ,
        0.        ,  1.        ,  1.        ,  0.0625    ,  0.        ,
       -0.06666667,  0.        ,  0.        ,  1.        ,  0.        ,
        0.        ,  0.        ,  0.        ,  0.        ,  0.        ,
        0.        ,  0.        ,  0.        ,  1.        ,  0.        ,
        0.        ,  1.        ,  1.        ,  0.        ,  0.        ,
        0.        ,  0.        ,  0.        ,  1.        ,  0.        ,
        0.        ,  0.        ,  0.        ,  0.        ,  0.        ,
        0.        ,  0.        ,  0.        ,  0.        ,  1.        ,
        0.        ,  1.        ,  1.        ,  0.07511565, -0.04444445,
       -0.06666667,  0.        ,  0.        ,  1.        ,  0.        ]), array([ 1.        ,  0.        ,  0.        ,  0.        ,  0.        ,
        0.        ,  0.        ,  0.        ,  0.        ,  0.        ,
        1.        ,  0.        ,  1.        ,  0.        ,  0.        ,
        0.        ,  0.        ,  0.        ,  0.        ,  0.        ,
        0.        ,  1.        ,  0.        ,  0.        ,  0.        ,
        0.        ,  0.        ,  0.        ,  0.        ,  0.        ,
        1.        ,  0.        ,  1.        ,  0.        ,  0.        ,
        0.        ,  0.        ,  0.        ,  0.        ,  0.        ,
        0.        ,  0.        ,  1.        ,  0.        ,  0.        ,
        0.        ,  0.        ,  0.        ,  0.        ,  0.        ,
        1.        ,  0.        ,  1.        ,  0.        ,  0.        ,
        0.        ,  0.        ,  0.        ,  0.        ,  0.        ,
        0.        ,  0.        ,  0.        ,  1.        ,  0.        ,
        0.        ,  0.        ,  0.        ,  0.        ,  0.        ,
        1.        ,  0.        ,  1.        ,  0.        ,  0.        ,
        0.        ,  0.        ,  0.        ,  0.        ,  0.        ,
        0.        ,  0.        ,  0.        ,  0.        ,  1.        ,
        0.        ,  0.        ,  0.        ,  0.        ,  0.        ,
        1.        ,  0.        ,  1.        ,  0.        ,  0.        ,
        0.        ,  0.        ,  0.        ,  0.        ,  0.        ,
        0.        ,  0.        ,  0.        ,  0.        ,  0.        ,
        1.        ,  0.        ,  0.        ,  0.        ,  0.        ,
        0.        ,  1.        ,  1.        ,  0.0625    ,  0.        ,
        0.06666667,  0.01953125, -0.1953125 ,  1.        ,  0.        ,
        0.        ,  0.        ,  0.        ,  0.        ,  0.        ,
        0.        ,  1.        ,  0.        ,  0.        ,  0.        ,
        0.        ,  1.        ,  1.        ,  0.07511565,  0.04444445,
       -0.06666667,  0.        ,  0.        ,  1.        ,  0.        ,
        0.        ,  0.        ,  0.        ,  0.        ,  0.        ,
        0.        ,  0.        ,  1.        ,  0.        ,  0.        ,
        0.        ,  1.        ,  1.        ,  0.04166667,  0.04444445,
        0.        ,  0.        ,  0.        ,  1.        ,  0.        ,
        0.        ,  0.        ,  0.        ,  0.        ,  0.        ,
        0.        ,  0.        ,  0.        ,  1.        ,  0.        ,
        0.        ,  1.        ,  1.        ,  0.07511565,  0.04444445,
        0.06666667,  0.        ,  0.        ,  1.        ,  0.        ,
        0.        ,  0.        ,  0.        ,  0.        ,  0.        ,
        0.        ,  0.        ,  0.        ,  0.        ,  1.        ,
        0.        ,  1.        ,  1.        ,  0.        ,  0.        ,
        0.        ,  0.        ,  0.        ,  1.        ,  0.        ])],


 [array([ 1.        ,  0.        ,  0.        ,  0.        ,  0.        ,
        0.        ,  0.        ,  0.        ,  0.        ,  0.        ,
        1.        ,  0.        ,  1.        ,  0.18633899, -0.2       ,
        0.18181819,  0.        ,  0.        ,  1.        ,  0.        ,
        0.        ,  1.        ,  0.        ,  0.        ,  0.        ,
        0.        ,  0.        ,  0.        ,  0.        ,  0.        ,
        1.        ,  0.        ,  1.        ,  0.1792151 , -0.125     ,
        0.31818181,  0.        ,  0.        ,  1.        ,  0.        ,
        0.        ,  0.        ,  1.        ,  0.        ,  0.        ,
        0.        ,  0.        ,  0.        ,  0.        ,  0.        ,
        1.        ,  0.        ,  1.        ,  0.13339843, -0.125     ,
        0.18181819,  0.        ,  0.        ,  1.        ,  0.        ,
        0.        ,  0.        ,  0.        ,  1.        ,  0.        ,
        0.        ,  0.        ,  0.        ,  0.        ,  0.        ,
        1.        ,  0.        ,  1.        ,  0.10622957, -0.125     ,
        0.04545455,  0.        ,  0.        ,  1.        ,  0.        ,
        0.        ,  0.        ,  0.        ,  0.        ,  1.        ,
        0.        ,  0.        ,  0.        ,  0.        ,  0.        ,
        1.        ,  0.        ,  1.        ,  0.22146137, -0.2       ,
        0.31818181,  0.        ,  0.        ,  1.        ,  0.        ,
        0.        ,  0.        ,  0.        ,  0.        ,  0.        ,
        1.        ,  0.        ,  0.        ,  0.        ,  0.        ,
        0.        ,  1.        ,  1.        ,  0.6824308 ,  0.80000001,
        0.31818181, -0.98046875, -0.1953125 ,  1.        ,  0.        ,
        0.        ,  0.        ,  0.        ,  0.        ,  0.        ,
        0.        ,  1.        ,  0.        ,  0.        ,  0.        ,
        0.        ,  1.        ,  1.        ,  0.70863962,  0.85000002,
        0.04545455, -1.        ,  0.        ,  1.        ,  0.        ,
        0.        ,  0.        ,  0.        ,  0.        ,  0.        ,
        0.        ,  0.        ,  1.        ,  0.        ,  0.        ,
        0.        ,  1.        ,  1.        ,  0.71321845,  0.85000002,
        0.18181819, -1.        ,  0.        ,  1.        ,  0.        ,
        0.        ,  0.        ,  0.        ,  0.        ,  0.        ,
        0.        ,  0.        ,  0.        ,  1.        ,  0.        ,
        0.        ,  1.        ,  1.        ,  0.72318977,  0.85000002,
        0.31818181, -1.        ,  0.        ,  1.        ,  0.        ,
        0.        ,  0.        ,  0.        ,  0.        ,  0.        ,
        0.        ,  0.        ,  0.        ,  0.        ,  1.        ,
        0.        ,  1.        ,  1.        ,  0.67185479,  0.80000001,
        0.18181819, -1.        ,  0.        ,  1.        ,  0.        ])])

Process finished with exit code 1
